seed <- 101
tmax <- 40
r <- 0.1
I0 <- 10
k <- 100